DFS:
    -prvi prolazak: 01:22.994
    -drugi prolazak: 01:03.925
    -putanja: [[36, 'right'], [18, 'right'], [36, 'left'], [252, 'left'], [252, 'left'], [90, 'left'], [18, 'left'], [18, 'right'], [18, 'right'], [18, 'left'], [36, 'right'], [18, 'right'], [18, 'left'], [18, 'right'], [18, 'left'], [36, 'right'], [18, 'left'], [72, 'left'], [72, 'left'], [36, 'left'], [18, 'left'], [18, 'right'], [18, 'right'], [18, 'left'], [18, 'right'], [18, 'right'], [126, 'right'], [36, 'right'], [18, 'right'], [18, 'left'], [18, 'left'], [18, 'right'], [18, 'left'], [18, 'left'], [72, 'left'], [54, 'right'], [18, 'right'], [54, 'left'], [36, 'left'], [72, 'left'], [72, 'right'], [18, 'right'], [72, 'left'], [72, 'left'], [18, 'left'], [18, 'right'], [18, 'left'], [18, 'right'], [18, 'left'], [18, 'right'], [36, 'right'], [18, 'right'], [18, 'left'], [18, 'right'], [18, 'left'], [18, 'right'], [18, 'left'], [18, 'right'], [18, 'left'], [18, 'right'], [18, 'left'], [18, 'left'], [36, 'left'], [18, 'right'], [18, 'left'], [18, 'right'], [18, 'left'], [18, 'right'], [18, 'left'], [18, 'right'], [18, 'left'], [18, 'right'], [18, 'left'], [18, 'forward']]
     -x, y koordinate i ugao pod kojim je okrenut robot: [[180, 36], [90, 18], [0, 36], [90, 252], [180, 252], [270, 90], [0, 18], [90, 18], [0, 18], [270, 18], [0, 36], [270, 18], [180, 18], [270, 18], [180, 18], [270, 36], [180, 18], [270, 72], [0, 72], [90, 36], [180, 18], [270, 18], [180, 18], [90, 18], [180, 18], [90, 18], [0, 126], [270, 36], [180, 18], [90, 18], [180, 18], [270, 18], [180, 18], [270, 18], [0, 72], [90, 54], [0, 18], [270, 54], [0, 36], [90, 72], [180, 72], [90, 18], [0, 72], [90, 72], [180, 18], [270, 18], [180, 18], [270, 18], [180, 18], [270, 18], [180, 36], [90, 18], [0, 18], [90, 18], [0, 18], [90, 18], [0, 18], [90, 18], [0, 18], [90, 18], [0, 18], [90, 18], [180, 36], [270, 18], [180, 18], [270, 18], [180, 18], [270, 18], [180, 18], [270, 18], [180, 18], [270, 18], [180, 18], [270, 18]]

BFS:
    -prvi prolazak: 25:48.107
    -drugi prolazak: 00:56.033
    -putanja: [[36, 'right'], [18, 'left'], [216, 'right'], [162, 'right'], [18, 'left'], [72, 'right'], [18, 'right'], [36, 'left'], [18, 'left'], [36, 'right'], [18, 'right'], [54, 'left'], [18, 'left'], [36, 'right'], [18, 'right'], [54, 'right'], [18, 'left'], [36, 'right'], [18, 'left'], [18, 'right'], [18, 'left'], [18, 'left'], [90, 'right'], [18, 'left'], [18, 'right'], [36, 'right'], [18, 'right'], [18, 'left'], [18, 'left'], [18, 'right'], [18, 'left'], [18, 'left'], [72, 'left'], [54, 'right'], [18, 'right'], [54, 'left'], [36, 'left'], [72, 'left'], [72, 'right'], [18, 'right'], [72, 'left'], [72, 'left'], [18, 'left'], [18, 'right'], [18, 'left'], [18, 'right'], [18, 'left'], [18, 'right'], [36, 'right'], [18, 'right'], [18, 'left'], [18, 'right'], [18, 'left'], [18, 'right'], [18, 'left'], [18, 'right'], [18, 'left'], [18, 'right'], [18, 'left'], [18, 'left'], [36, 'left'], [18, 'right'], [18, 'left'], [18, 'right'], [18, 'left'], [18, 'right'], [18, 'left'], [18, 'right'], [18, 'left'], [18, 'right'], [18, 'left'], [18, 'forward']]
    -x, y koordinate i ugao pod kojim je okrenut robot: [[180, 36], [90, 18], [180, 216], [90, 162], [0, 18], [90, 72], [0, 18], [270, 36], [0, 18], [90, 36], [0, 18], [270, 54], [0, 18], [90, 36], [0, 18], [270, 54], [180, 18], [270, 36], [180, 18], [270, 18], [180, 18], [270, 18], [0, 90], [270, 18], [0, 18], [270, 36], [180, 18], [90, 18], [180, 18], [270, 18], [180, 18], [270, 18], [0, 72], [90, 54], [0, 18], [270, 54], [0, 36], [90, 72], [180, 72], [90, 18], [0, 72], [90, 72], [180, 18], [270, 18], [180, 18], [270, 18], [180, 18], [270, 18], [180, 36], [90, 18], [0, 18], [90, 18], [0, 18], [90, 18], [0, 18], [90, 18], [0, 18], [90, 18], [0, 18], [90, 18], [180, 36], [270, 18], [180, 18], [270, 18], [180, 18], [270, 18], [180, 18], [270, 18], [180, 18], [270, 18], [180, 18], [270, 18]]

A*:
    -prvi prolazak: 01:20.521
    -drugi prolazak: 00:56.344 sekundi
    -putanja:[[36, 'right'], [18, 'left'], [216, 'right'], [162, 'right'], [18, 'left'], [18, 'right'], [18, 'right'], [18, 'left'], [36, 'right'], [18, 'right'], [18, 'left'], [18, 'right'], [18, 'left'], [36, 'right'], [18, 'left'], [72, 'left'], [72, 'left'], [36, 'left'], [18, 'left'], [18, 'right'], [18, 'right'], [18, 'left'], [18, 'right'], [18, 'right'], [126, 'right'], [36, 'right'], [18, 'right'], [18, 'left'], [18, 'left'], [18, 'right'], [18, 'left'], [18, 'left'], [72, 'left'], [54, 'right'], [18, 'right'], [54, 'left'], [36, 'left'], [72, 'left'], [72, 'right'], [18, 'right'], [72, 'left'], [72, 'left'], [18, 'left'], [18, 'right'], [18, 'left'], [18, 'right'], [18, 'left'], [18, 'right'], [36, 'right'], [18, 'right'], [18, 'left'], [18, 'right'], [18, 'left'], [18, 'right'], [18, 'left'], [18, 'right'], [18, 'left'], [18, 'right'], [18, 'left'], [18, 'left'], [36, 'left'], [18, 'right'], [18, 'left'], [18, 'right'], [18, 'left'], [18, 'right'], [18, 'left'], [18, 'right'], [18, 'left'], [18, 'right'], [18, 'left'], [18, 'forward']]
    -x, y koordinate i ugao pod kojim je okrenut robot: [[180, 36], [90, 18], [180, 216], [90, 162], [0, 18], [90, 18], [0, 18], [270, 18], [0, 36], [270, 18], [180, 18], [270, 18], [180, 18], [270, 36], [180, 18], [270, 72], [0, 72], [90, 36], [180, 18], [270, 18], [180, 18], [90, 18], [180, 18], [90, 18], [0, 126], [270, 36], [180, 18], [90, 18], [180, 18], [270, 18], [180, 18], [270, 18], [0, 72], [90, 54], [0, 18], [270, 54], [0, 36], [90, 72], [180, 72], [90, 18], [0, 72], [90, 72], [180, 18], [270, 18], [180, 18], [270, 18], [180, 18], [270, 18], [180, 36], [90, 18], [0, 18], [90, 18], [0, 18], [90, 18], [0, 18], [90, 18], [0, 18], [90, 18], [0, 18], [90, 18], [180, 36], [270, 18], [180, 18], [270, 18], [180, 18], [270, 18], [180, 18], [270, 18], [180, 18], [270, 18], [180, 18], [270, 18]]
